MB_TYPE = 0.6801685307635524
MB_OCC = [0.00135995 0.00145586]
MB_THICK_RG = [1.24881792 1.67225171] # A
MB_LAYER_S_RG = [1.69352191 4.77785391] # A
MB_MAX_ECC = 0.9817395835574342
MB_OVER_TOL = 2.4624152622815875e-05 # In percentage
MB_MIN_RAD = 1.012921974210706
MB_DEN_CF_RG = [1.35578255 1.49957689]
